HIEROBJ  EWORLD                                             NONE                
ROOT                                                                            
1.0000000000000E+00 0.000000000000E+00  0.000000000000E+00  0.000000000000E+00  
0.000000000000E+00  1.0000000000000E+00 0.000000000000E+00  0.000000000000E+00  
0.000000000000E+00  0.000000000000E+00  1.0000000000000E+00 0.000000000000E+00  
0.000000000000E+00  0.000000000000E+00  0.000000000000E+00  1.0000000000000E+00 
HIEROBJ  EHIEROBJECT1                                       NONE                
BODYNCBF  WORLD                                   BODY1                         
1.0000000000000E+00 0.000000000000E+00  0.000000000000E+00  0.000000000000E+00  
0.000000000000E+00  1.0000000000000E+00 0.000000000000E+00  0.000000000000E+00  
0.000000000000E+00  0.000000000000E+00  1.0000000000000E+00 0.000000000000E+00  
0.000000000000E+00  0.000000000000E+00  0.000000000000E+00  1.0000000000000E+00 
HIEROBJ  EHIEROBJECT2                                       NONE                
CGTRIAD   HIEROBJECT1                                                           
1.0000000000000E+00 0.000000000000E+00  0.000000000000E+00  0.000000000000E+00  
0.000000000000E+00  1.0000000000000E+00 0.000000000000E+00  0.000000000000E+00  
0.000000000000E+00  0.000000000000E+00  1.0000000000000E+00 0.000000000000E+00  
0.000000000000E+00  0.000000000000E+00  0.000000000000E+00  1.0000000000000E+00 
HIEROBJ  EHIEROBJECT3                                       NONE                
BODYNCBF  WORLD                                   BODY2                         
7.7195194680951E-14 9.8131672402474E-01 1.9239929092735E-01 0.000000000000E+00  
-1.000000000000E+00 7.7755492955160E-14 4.6384217684097E-15 0.000000000000E+00  
-1.040834085586E-14 -1.923992909274E-01 9.8131672402474E-01 0.000000000000E+00  
-4.749999999969E-03 0.000000000000E+00  1.1740010254983E-01 1.0000000000000E+00 
HIEROBJ  EHIEROBJECT4                                       NONE                
CGTRIAD   HIEROBJECT3                                                           
9.9998576662025E-01 2.3013653719708E-03 -4.813551114753E-03 0.000000000000E+00  
-2.312517400491E-03 9.9999465224897E-01 -2.312517400491E-03 0.000000000000E+00  
4.8082034256126E-03 2.3236159062638E-03 9.9998574089281E-01 0.000000000000E+00  
-4.529090390374E-03 -2.188731536590E-03 5.8062771333060E-02 1.0000000000000E+00 
HIEROBJ  EHIEROBJECT5                                       NONE                
BODYNCBF  WORLD                                   BODY3                         
8.3944579042391E-14 9.2655062198434E-01 -3.761701010187E-01 0.000000000000E+00  
4.9058548456657E-14 3.7617010101871E-01 9.2655062198434E-01 0.000000000000E+00  
1.0000000000000E+00 -9.623326105271E-14 -1.387778780781E-14 0.000000000000E+00  
1.1750000000027E-02 0.000000000000E+00  1.1740010254998E-01 1.0000000000000E+00 
HIEROBJ  EHIEROBJECT6                                       NONE                
CGTRIAD   HIEROBJECT5                                                           
9.9978891030213E-01 -5.852749766473E-04 2.0537582381795E-02 0.000000000000E+00  
5.7361519892725E-04 9.9999967096555E-01 5.7361519892725E-04 0.000000000000E+00  
-2.053791134685E-02 -5.617134452648E-04 9.9978891705975E-01 0.000000000000E+00  
2.0430555280789E-02 5.5877724865181E-04 5.4371939702025E-03 1.0000000000000E+00 
HIEROBJ  EHIEROBJECT7                                       NONE                
BODYNCBF  WORLD                                   BODY4                         
1.6020459203194E-14 1.9239929092749E-01 -9.813167240247E-01 0.000000000000E+00  
8.1711031609647E-14 9.8131672402471E-01 1.9239929092749E-01 0.000000000000E+00  
1.0000000000000E+00 -8.326672684689E-14 0.000000000000E+00  0.000000000000E+00  
1.6750000000030E-02 3.9826433315554E-02 1.6219728566352E-01 1.0000000000000E+00 
HIEROBJ  EHIEROBJECT8                                       NONE                
CGTRIAD   HIEROBJECT7                                                           
9.9998230072996E-01 -7.364854821071E-06 -5.949636339404E-03 0.000000000000E+00  
7.4090672112690E-06 9.9999999994511E-01 7.4090672112690E-06 0.000000000000E+00  
5.9496362845102E-03 -7.453017331709E-06 9.9998230072964E-01 0.000000000000E+00  
-5.933807046537E-03 7.4331882901806E-06 2.6781909459262E-03 1.0000000000000E+00 
HIEROBJ  EHIEROBJECT9                                       NONE                
BODYNCBF  WORLD                                   BODY5                         
1.4620188446599E-14 1.9154465524418E-01 -9.814838995355E-01 0.000000000000E+00  
-7.491453911997E-14 -9.814838995355E-01 -1.915446552442E-01 0.000000000000E+00  
-1.000000000000E+00 7.6327832942980E-14 0.000000000000E+00  0.000000000000E+00  
-1.319999999997E-02 2.5040735771043E-02 2.0359026576844E-01 1.0000000000000E+00 
HIEROBJ  EHIEROBJECT10                                      NONE                
CGTRIAD   HIEROBJECT9                                                           
9.9994921259775E-01 1.0077792779015E-02 -1.015767728458E-04 0.000000000000E+00  
-1.007830467577E-02 9.9989842261588E-01 -1.007830467577E-02 0.000000000000E+00  
-6.111431924574E-10 1.0078816546516E-02 9.9994920743857E-01 0.000000000000E+00  
0.000000000000E+00  -1.005727866189E-02 2.1876298145588E-03 1.0000000000000E+00 
HIEROBJ  EHIEROBJECT11                                      NONE                
BODYNCBF  WORLD                                   BODY6                         
-7.285838599102E-14 -9.265506219844E-01 3.7617010101858E-01 0.000000000000E+00  
1.0000000000000E+00 -3.748963201767E-14 1.0134336573760E-13 0.000000000000E+00  
-7.979727989493E-14 3.7617010101858E-01 9.2655062198440E-01 0.000000000000E+00  
6.2500000000035E-03 -2.597390427518E-02 2.4987786029316E-01 1.0000000000000E+00 
HIEROBJ  EHIEROBJECT12                                      NONE                
CGTRIAD   HIEROBJECT11                                                          
9.9929411319135E-01 1.9460414282853E-03 3.7516506551965E-02 0.000000000000E+00  
-1.876943132600E-03 9.9999647707827E-01 -1.876943132600E-03 0.000000000000E+00  
-3.752002699334E-02 1.8052018738700E-03 9.9929424536550E-01 0.000000000000E+00  
3.7079442184898E-02 -1.784004007409E-03 1.2440124222041E-02 1.0000000000000E+00 
HIEROBJ  EHIEROBJECT13                                      NONE                
BODYNCBF  WORLD                                   BODY7                         
-1.075528555106E-13 -9.931887637850E-01 1.1651643442588E-01 0.000000000000E+00  
1.0000000000000E+00 -1.068202876061E-13 1.2531675236413E-14 0.000000000000E+00  
0.000000000000E+00  1.1651643442588E-01 9.9318876378495E-01 0.000000000000E+00  
-1.899999999998E-02 -2.597390427517E-02 2.4987786029314E-01 1.0000000000000E+00 
HIEROBJ  EHIEROBJECT14                                      NONE                
CGTRIAD   HIEROBJECT13                                                          
9.9999660875680E-01 2.5329312527499E-03 -6.055858131789E-04 0.000000000000E+00  
-2.534458409488E-03 9.9999357649994E-01 -2.534458409488E-03 0.000000000000E+00  
5.9916231428422E-04 2.5359846465796E-03 9.9999660488743E-01 0.000000000000E+00  
-5.902479268729E-04 -2.498254053267E-03 1.4881428883137E-02 1.0000000000000E+00 
HIEROBJ  EHIEROBJECT15                                      NONE                
BODYNCBF  WORLD                                   BODY8                         
-7.685938290293E-14 -9.230503685375E-01 3.8467910931423E-01 0.000000000000E+00  
3.2030970318971E-14 3.8467910931423E-01 9.2305036853750E-01 0.000000000000E+00  
-1.000000000000E+00 8.3266726846886E-14 0.000000000000E+00  0.000000000000E+00  
-8.499999999979E-03 -1.262491327742E-01 3.0638701036591E-01 1.0000000000000E+00 
HIEROBJ  EHIEROBJECT16                                      NONE                
CGTRIAD   HIEROBJECT15                                                          
9.9998124353341E-01 -2.668998697426E-11 -6.124751536412E-03 0.000000000000E+00  
2.6854970701691E-11 1.0000000000000E+00 2.6854970701691E-11 0.000000000000E+00  
6.1247515364119E-03 -2.701894702040E-11 9.9998124353341E-01 0.000000000000E+00  
-6.108702104265E-03 0.000000000000E+00  2.6391290679654E-03 1.0000000000000E+00 
HIEROBJ  EHIEROBJECT17                                      NONE                
BODYNCBF  WORLD                                   BODY9                         
1.0000000000000E+00 -8.308373918429E-14 6.0034748127820E-15 0.000000000000E+00  
8.3228074377086E-14 9.9953579933710E-01 -3.046614257726E-02 0.000000000000E+00  
-3.469446951954E-15 3.0466142577263E-02 9.9953579933710E-01 0.000000000000E+00  
8.2500000000140E-03 -2.016566325476E-01 2.9987520185047E-01 1.0000000000000E+00 
HIEROBJ  EHIEROBJECT18                                      NONE                
CGTRIAD   HIEROBJECT17                                                          
9.9982532882068E-01 -1.612071125854E-02 -9.456982453774E-03 0.000000000000E+00  
1.6273179291433E-02 9.9973514856261E-01 1.6273179291433E-02 0.000000000000E+00  
9.1921425337626E-03 -1.642423200704E-02 9.9982285886982E-01 0.000000000000E+00  
-9.045234112422E-03 1.6161740646945E-02 1.6156266483987E-02 1.0000000000000E+00 
HIEROBJ  EHIEROBJECT19                                      NONE                
BODYNCBF  WORLD                                   BODY10                        
1.0000000000000E+00 0.000000000000E+00  0.000000000000E+00  0.000000000000E+00  
0.000000000000E+00  1.0000000000000E+00 0.000000000000E+00  0.000000000000E+00  
0.000000000000E+00  0.000000000000E+00  1.0000000000000E+00 0.000000000000E+00  
0.000000000000E+00  0.000000000000E+00  0.000000000000E+00  1.0000000000000E+00 
HIEROBJ  EHIEROBJECT20                                      NONE                
CGTRIAD   HIEROBJECT19                                                          
1.0000000000000E+00 0.000000000000E+00  0.000000000000E+00  0.000000000000E+00  
0.000000000000E+00  1.0000000000000E+00 0.000000000000E+00  0.000000000000E+00  
0.000000000000E+00  0.000000000000E+00  1.0000000000000E+00 0.000000000000E+00  
0.000000000000E+00  0.000000000000E+00  0.000000000000E+00  1.0000000000000E+00 
HIEROBJ  EHIEROBJECT21                                      NONE                
BODYNCBF  WORLD                                   BODY11                        
0.000000000000E+00  1.3207640076363E-16 1.0000000000000E+00 0.000000000000E+00  
7.3691948751264E-14 1.0000000000000E+00 -1.320764007636E-16 0.000000000000E+00  
-1.000000000000E+00 7.3691948751264E-14 0.000000000000E+00  0.000000000000E+00  
5.5500000000030E-02 0.000000000000E+00  1.0765010254979E-01 1.0000000000000E+00 
HIEROBJ  EHIEROBJECT22                                      NONE                
CGTRIAD   HIEROBJECT21                                                          
1.0000000000000E+00 0.000000000000E+00  0.000000000000E+00  0.000000000000E+00  
0.000000000000E+00  1.0000000000000E+00 0.000000000000E+00  0.000000000000E+00  
0.000000000000E+00  0.000000000000E+00  1.0000000000000E+00 0.000000000000E+00  
0.000000000000E+00  0.000000000000E+00  0.000000000000E+00  1.0000000000000E+00 
HIEROBJ  EHIEROBJECT23                                      NONE                
BODYNCBF  WORLD                                   BODY12                        
0.000000000000E+00  3.1248764226726E-16 1.0000000000000E+00 0.000000000000E+00  
-7.310985006546E-14 -1.000000000000E+00 3.1248764226726E-16 0.000000000000E+00  
1.0000000000000E+00 -7.310985006546E-14 0.000000000000E+00  0.000000000000E+00  
-5.549999999997E-02 0.000000000000E+00  1.0765010254979E-01 1.0000000000000E+00 
HIEROBJ  EHIEROBJECT24                                      NONE                
CGTRIAD   HIEROBJECT23                                                          
1.0000000000000E+00 0.000000000000E+00  0.000000000000E+00  0.000000000000E+00  
0.000000000000E+00  1.0000000000000E+00 0.000000000000E+00  0.000000000000E+00  
0.000000000000E+00  0.000000000000E+00  1.0000000000000E+00 0.000000000000E+00  
0.000000000000E+00  0.000000000000E+00  0.000000000000E+00  1.0000000000000E+00 
HIEROBJ  EHIEROBJECT25                                      NONE                
BODYNCBF  WORLD                                   BODY13                        
0.000000000000E+00  1.3207640076363E-16 1.0000000000000E+00 0.000000000000E+00  
7.3691948751264E-14 1.0000000000000E+00 -1.320764007636E-16 0.000000000000E+00  
-1.000000000000E+00 7.3691948751264E-14 0.000000000000E+00  0.000000000000E+00  
5.5500000000030E-02 0.000000000000E+00  1.0765010254979E-01 1.0000000000000E+00 
HIEROBJ  EHIEROBJECT26                                      NONE                
CGTRIAD   HIEROBJECT25                                                          
1.0000000000000E+00 0.000000000000E+00  0.000000000000E+00  0.000000000000E+00  
0.000000000000E+00  1.0000000000000E+00 0.000000000000E+00  0.000000000000E+00  
0.000000000000E+00  0.000000000000E+00  1.0000000000000E+00 0.000000000000E+00  
0.000000000000E+00  0.000000000000E+00  0.000000000000E+00  1.0000000000000E+00 
HIEROBJ  EHIEROBJECT27                                      NONE                
BODYNCBF  WORLD                                   BODY14                        
-1.000000000000E+00 7.4162898044961E-14 -2.328305223938E-16 0.000000000000E+00  
-7.416289804496E-14 -1.000000000000E+00 1.1819861295928E-16 0.000000000000E+00  
-2.328305223938E-16 1.1819861295930E-16 1.0000000000000E+00 0.000000000000E+00  
0.000000000000E+00  0.000000000000E+00  7.4150102549791E-02 1.0000000000000E+00 
HIEROBJ  EHIEROBJECT28                                      NONE                
CGTRIAD   HIEROBJECT27                                                          
9.9999942959915E-01 6.6539405411853E-04 8.3549513403338E-04 0.000000000000E+00  
-6.648386697584E-04 9.9999955798945E-01 -6.648386697584E-04 0.000000000000E+00  
-8.359371444335E-04 6.6428282106033E-04 9.9999942996855E-01 0.000000000000E+00  
8.1551332981306E-04 -6.480529055897E-04 2.4432793332269E-02 1.0000000000000E+00 
HIEROBJ  EHIEROBJECT29                                      NONE                
BODYNCBF  WORLD                                   BODY15                        
9.6125197584096E-01 2.5648899297084E-01 -1.010348228417E-01 0.000000000000E+00  
-2.717444645987E-01 8.1998426043003E-01 -5.037665715458E-01 0.000000000000E+00  
-4.636361614263E-02 5.1170226609995E-01 8.5791095456717E-01 0.000000000000E+00  
0.000000000000E+00  3.1073054568216E-02 5.6526878274333E-02 1.0000000000000E+00 
HIEROBJ  EHIEROBJECT30                                      NONE                
CGTRIAD   HIEROBJECT29                                                          
1.0000000000000E+00 0.000000000000E+00  0.000000000000E+00  0.000000000000E+00  
0.000000000000E+00  1.0000000000000E+00 0.000000000000E+00  0.000000000000E+00  
0.000000000000E+00  0.000000000000E+00  1.0000000000000E+00 0.000000000000E+00  
0.000000000000E+00  0.000000000000E+00  0.000000000000E+00  1.0000000000000E+00 
HIEROBJ  EHIEROBJECT31                                      NONE                
BODYNCBF  WORLD                                   BODY16                        
-1.075528555106E-13 -9.931887637850E-01 1.1651643442588E-01 0.000000000000E+00  
1.0000000000000E+00 -1.068202876061E-13 1.2531675236413E-14 0.000000000000E+00  
0.000000000000E+00  1.1651643442588E-01 9.9318876378495E-01 0.000000000000E+00  
-1.899999999998E-02 -2.597390427517E-02 2.4987786029314E-01 1.0000000000000E+00 
HIEROBJ  EHIEROBJECT32                                      NONE                
CGTRIAD   HIEROBJECT31                                                          
1.0000000000000E+00 0.000000000000E+00  0.000000000000E+00  0.000000000000E+00  
0.000000000000E+00  1.0000000000000E+00 0.000000000000E+00  0.000000000000E+00  
0.000000000000E+00  0.000000000000E+00  1.0000000000000E+00 0.000000000000E+00  
0.000000000000E+00  0.000000000000E+00  0.000000000000E+00  1.0000000000000E+00 
HIEROBJ  EHIEROBJECT33                                      NONE                
BODYNCBF  WORLD                                   BODY17                        
1.0000000000000E+00 0.000000000000E+00  0.000000000000E+00  0.000000000000E+00  
0.000000000000E+00  1.0000000000000E+00 0.000000000000E+00  0.000000000000E+00  
0.000000000000E+00  0.000000000000E+00  1.0000000000000E+00 0.000000000000E+00  
1.2732543394775E-04 6.7550000000000E-02 4.0500000000000E-02 1.0000000000000E+00 
HIEROBJ  EHIEROBJECT34                                      NONE                
CGTRIAD   HIEROBJECT33                                                          
1.0000000000000E+00 0.000000000000E+00  0.000000000000E+00  0.000000000000E+00  
0.000000000000E+00  1.0000000000000E+00 0.000000000000E+00  0.000000000000E+00  
0.000000000000E+00  0.000000000000E+00  1.0000000000000E+00 0.000000000000E+00  
0.000000000000E+00  0.000000000000E+00  0.000000000000E+00  1.0000000000000E+00 
HIEROBJ  EHIEROBJECT35                                      NONE                
BODYNCBF  WORLD                                   BODY18                        
1.3365447096525E-02 -9.994465192230E-01 3.0463421293425E-02 0.000000000000E+00  
2.7847319871729E-14 3.0466142577332E-02 9.9953579933710E-01 0.000000000000E+00  
-9.999106784228E-01 -1.335924284712E-02 4.0719361688035E-04 0.000000000000E+00  
5.3249245593344E-03 -2.173794285426E-01 2.9350125600505E-01 1.0000000000000E+00 
HIEROBJ  EHIEROBJECT36                                      NONE                
CGTRIAD   HIEROBJECT35                                                          
1.0000000000000E+00 0.000000000000E+00  0.000000000000E+00  0.000000000000E+00  
0.000000000000E+00  1.0000000000000E+00 0.000000000000E+00  0.000000000000E+00  
0.000000000000E+00  0.000000000000E+00  1.0000000000000E+00 0.000000000000E+00  
0.000000000000E+00  0.000000000000E+00  0.000000000000E+00  1.0000000000000E+00 
HIEROBJ  EHIEROBJECT37                                      NONE                
BODYNCBF  WORLD                                   BODY19                        
1.0000000000000E+00 0.000000000000E+00  0.000000000000E+00  0.000000000000E+00  
0.000000000000E+00  -1.000000000000E+00 0.000000000000E+00  0.000000000000E+00  
0.000000000000E+00  0.000000000000E+00  -1.000000000000E+00 0.000000000000E+00  
-3.064829765301E+01 3.0640937343044E+01 7.4150038288493E-02 1.0000000000000E+00 
HIEROBJ  EHIEROBJECT38                                      NONE                
CGTRIAD   HIEROBJECT37                                                          
1.0000000000000E+00 0.000000000000E+00  0.000000000000E+00  0.000000000000E+00  
0.000000000000E+00  1.0000000000000E+00 0.000000000000E+00  0.000000000000E+00  
0.000000000000E+00  0.000000000000E+00  1.0000000000000E+00 0.000000000000E+00  
0.000000000000E+00  0.000000000000E+00  0.000000000000E+00  1.0000000000000E+00 
HIEROBJ  EHIEROBJECT39                                      NONE                
BODYNCBF  WORLD                                   BODY20                        
1.0000000000000E+00 0.000000000000E+00  0.000000000000E+00  0.000000000000E+00  
0.000000000000E+00  1.0000000000000E+00 0.000000000000E+00  0.000000000000E+00  
0.000000000000E+00  0.000000000000E+00  1.0000000000000E+00 0.000000000000E+00  
1.2732543394775E-04 6.7550000000000E-02 4.0500000000000E-02 1.0000000000000E+00 
HIEROBJ  EHIEROBJECT40                                      NONE                
CGTRIAD   HIEROBJECT39                                                          
1.0000000000000E+00 0.000000000000E+00  0.000000000000E+00  0.000000000000E+00  
0.000000000000E+00  1.0000000000000E+00 0.000000000000E+00  0.000000000000E+00  
0.000000000000E+00  0.000000000000E+00  1.0000000000000E+00 0.000000000000E+00  
0.000000000000E+00  0.000000000000E+00  0.000000000000E+00  1.0000000000000E+00 
HIEROBJ  EHIEROBJECT41                                      NONE                
BODYNCBF  WORLD                                   BODY21                        
-1.000000000000E+00 3.6082248300318E-16 -1.403307003647E-16 0.000000000000E+00  
-3.608224830032E-16 -1.000000000000E+00 1.7920613224625E-16 0.000000000000E+00  
-1.403307003647E-16 1.7920613224625E-16 1.0000000000000E+00 0.000000000000E+00  
0.000000000000E+00  0.000000000000E+00  5.6000000000000E-02 1.0000000000000E+00 
HIEROBJ  EHIEROBJECT42                                      NONE                
CGTRIAD   HIEROBJECT41                                                          
1.0000000000000E+00 0.000000000000E+00  0.000000000000E+00  0.000000000000E+00  
0.000000000000E+00  1.0000000000000E+00 0.000000000000E+00  0.000000000000E+00  
0.000000000000E+00  0.000000000000E+00  1.0000000000000E+00 0.000000000000E+00  
0.000000000000E+00  0.000000000000E+00  0.000000000000E+00  1.0000000000000E+00 
HIEROBJ  EHIEROBJECT43                                      NONE                
BODYNCBF  WORLD                                   BODY22                        
-7.410521848938E-14 -9.995357993371E-01 3.0466142577290E-02 0.000000000000E+00  
-1.000000000000E+00 7.4107153401603E-14 -1.065631378589E-15 0.000000000000E+00  
-1.192622389734E-15 -3.046614257729E-02 -9.995357993371E-01 0.000000000000E+00  
-4.499999999886E-04 -2.287035081077E-01 2.9874869289133E-01 1.0000000000000E+00 
HIEROBJ  EHIEROBJECT44                                      NONE                
CGTRIAD   HIEROBJECT43                                                          
1.0000000000000E+00 0.000000000000E+00  0.000000000000E+00  0.000000000000E+00  
0.000000000000E+00  1.0000000000000E+00 0.000000000000E+00  0.000000000000E+00  
0.000000000000E+00  0.000000000000E+00  1.0000000000000E+00 0.000000000000E+00  
0.000000000000E+00  0.000000000000E+00  0.000000000000E+00  1.0000000000000E+00 
HIEROBJ  EHIEROBJECT45                                      NONE                
BODYNCBF  WORLD                                   BODY23                        
-7.480994990150E-14 -9.995357993371E-01 3.0466142577263E-02 0.000000000000E+00  
1.0000000000000E+00 -7.477026835447E-14 2.4417254326647E-15 0.000000000000E+00  
-1.626303258728E-16 3.0466142577263E-02 9.9953579933710E-01 0.000000000000E+00  
-4.499999999871E-04 -2.077437224642E-01 2.9710936809789E-01 1.0000000000000E+00 
HIEROBJ  EHIEROBJECT46                                      NONE                
CGTRIAD   HIEROBJECT45                                                          
9.9982353060170E-01 -8.623133895326E-04 1.8766035030651E-02 0.000000000000E+00  
8.4657530433852E-04 9.9999928331000E-01 8.4657530433852E-04 0.000000000000E+00  
-1.876675159444E-02 -8.305390478866E-04 9.9982354405139E-01 0.000000000000E+00  
1.8716764928371E-02 8.2832684414769E-04 2.8395617809822E-03 1.0000000000000E+00 
HIEROBJ  EHIEROBJECT47                                      NONE                
BODYNCBF  WORLD                                   BODY24                        
-1.336544709655E-02 9.9944651922302E-01 -3.046342129337E-02 0.000000000000E+00  
-2.774334657745E-14 -3.046614257728E-02 -9.995357993371E-01 0.000000000000E+00  
-9.999106784228E-01 -1.335924284715E-02 4.0719361688035E-04 0.000000000000E+00  
-2.026778003264E-02 -2.480015185395E-01 2.9471309233532E-01 1.0000000000000E+00 
HIEROBJ  EHIEROBJECT48                                      NONE                
CGTRIAD   HIEROBJECT47                                                          
1.0000000000000E+00 0.000000000000E+00  0.000000000000E+00  0.000000000000E+00  
0.000000000000E+00  1.0000000000000E+00 0.000000000000E+00  0.000000000000E+00  
0.000000000000E+00  0.000000000000E+00  1.0000000000000E+00 0.000000000000E+00  
0.000000000000E+00  0.000000000000E+00  0.000000000000E+00  1.0000000000000E+00 
HIEROBJ  EHIEROBJECT49                                      NONE                
BODYNCBF  WORLD                                   BODY25                        
-1.000000000000E+00 -6.106226635438E-16 0.000000000000E+00  0.000000000000E+00  
0.000000000000E+00  -6.938893903907E-15 1.0000000000000E+00 0.000000000000E+00  
-6.106226635438E-16 1.0000000000000E+00 6.9388939039072E-15 0.000000000000E+00  
0.000000000000E+00  0.000000000000E+00  4.8000000000000E-02 1.0000000000000E+00 
HIEROBJ  EHIEROBJECT50                                      NONE                
CGTRIAD   HIEROBJECT49                                                          
1.0000000000000E+00 0.000000000000E+00  0.000000000000E+00  0.000000000000E+00  
0.000000000000E+00  1.0000000000000E+00 0.000000000000E+00  0.000000000000E+00  
0.000000000000E+00  0.000000000000E+00  1.0000000000000E+00 0.000000000000E+00  
0.000000000000E+00  0.000000000000E+00  0.000000000000E+00  1.0000000000000E+00 
HIEROBJ  EHIEROBJECT51                                      NONE                
BODYNCBF  WORLD                                   BODY26                        
-1.336544709655E-02 9.9944651922302E-01 -3.046342129337E-02 0.000000000000E+00  
-2.774334657745E-14 -3.046614257728E-02 -9.995357993371E-01 0.000000000000E+00  
-9.999106784228E-01 -1.335924284715E-02 4.0719361688035E-04 0.000000000000E+00  
-2.026778003264E-02 -2.480015185395E-01 2.9471309233532E-01 1.0000000000000E+00 
HIEROBJ  EHIEROBJECT52                                      NONE                
CGTRIAD   HIEROBJECT51                                                          
1.0000000000000E+00 0.000000000000E+00  0.000000000000E+00  0.000000000000E+00  
0.000000000000E+00  1.0000000000000E+00 0.000000000000E+00  0.000000000000E+00  
0.000000000000E+00  0.000000000000E+00  1.0000000000000E+00 0.000000000000E+00  
0.000000000000E+00  0.000000000000E+00  0.000000000000E+00  1.0000000000000E+00 
HIEROBJ  EHIEROBJECT53                                      NONE                
JFCTRIAD  HIEROBJECT5                                                           
9.2655062198434E-01 3.7617010101871E-01 -9.623326105271E-14 0.000000000000E+00  
-3.761701010187E-01 9.2655062198434E-01 -1.432187701766E-14 0.000000000000E+00  
8.3777525959461E-14 4.9470019590260E-14 1.0000000000000E+00 0.000000000000E+00  
0.000000000000E+00  0.000000000000E+00  5.0000000000000E-04 1.0000000000000E+00 
HIEROBJ  EHIEROBJECT54                                      NONE                
JFCTRIAD  HIEROBJECT27                                                          
7.4162898044961E-14 -1.000000000000E+00 1.1819861295930E-16 0.000000000000E+00  
2.1125868745622E-16 1.1819861295931E-16 1.0000000000000E+00 0.000000000000E+00  
-1.000000000000E+00 -7.416289804496E-14 2.1125868745623E-16 0.000000000000E+00  
-1.225000000000E-02 0.000000000000E+00  4.3250000000191E-02 1.0000000000000E+00 
HIEROBJ  EHIEROBJECT55                                      NONE                
JFCTRIAD  HIEROBJECT11                                                          
-9.265506219844E-01 -3.748963201767E-14 3.7617010101858E-01 0.000000000000E+00  
-3.761701010186E-01 -1.017874549474E-13 -9.265506219844E-01 0.000000000000E+00  
7.3025439073947E-14 -1.000000000000E+00 8.0208751028531E-14 0.000000000000E+00  
-5.700000000000E-02 9.1550000000001E-03 0.000000000000E+00  1.0000000000000E+00 
HIEROBJ  EHIEROBJECT56                                      NONE                
JFCTRIAD  HIEROBJECT7                                                           
1.9239929092749E-01 9.8131672402471E-01 -8.326672684689E-14 0.000000000000E+00  
9.8131672402471E-01 -1.923992909275E-01 -4.440892098501E-16 0.000000000000E+00  
-1.645625137178E-14 -8.162558916056E-14 -1.000000000000E+00 0.000000000000E+00  
-6.749999999992E-02 0.000000000000E+00  -1.345000000021E-03 1.0000000000000E+00 
HIEROBJ  EHIEROBJECT57                                      NONE                
JFCTRIAD  HIEROBJECT13                                                          
-9.931887637850E-01 -1.068202876061E-13 1.1651643442588E-01 0.000000000000E+00  
-1.165164344259E-01 -1.297576444626E-14 -9.931887637850E-01 0.000000000000E+00  
1.0760459920186E-13 -1.000000000000E+00 4.4106441334122E-16 0.000000000000E+00  
-3.550000000000E-02 -9.550000000000E-03 2.4264171117101E-02 1.0000000000000E+00 
HIEROBJ  EHIEROBJECT58                                      NONE                
JFCTRIAD  HIEROBJECT9                                                           
1.9154465524418E-01 -9.814838995355E-01 7.6327832942980E-14 0.000000000000E+00  
9.8148389953549E-01 1.9154465524418E-01 4.4408920985006E-16 0.000000000000E+00  
-1.505605485602E-14 7.4829476205370E-14 1.0000000000000E+00 0.000000000000E+00  
-6.750000000000E-02 0.000000000000E+00  1.5350000000007E-02 1.0000000000000E+00 
HIEROBJ  EHIEROBJECT59                                      NONE                
JFCTRIAD  HIEROBJECT17                                                          
-8.308373918429E-14 9.9953579933710E-01 3.0466142577263E-02 0.000000000000E+00  
5.5593856029319E-15 -3.046614257726E-02 9.9953579933710E-01 0.000000000000E+00  
1.0000000000000E+00 8.3214544691902E-14 -3.025563888609E-15 0.000000000000E+00  
-1.980000000000E-02 6.4999999999997E-03 3.4999999999999E-02 1.0000000000000E+00 
HIEROBJ  EHIEROBJECT60                                      NONE                
JFCTRIAD  HIEROBJECT15                                                          
-9.230503685375E-01 3.8467910931423E-01 8.3266726846886E-14 0.000000000000E+00  
3.8467910931423E-01 9.2305036853750E-01 4.4408920985006E-16 0.000000000000E+00  
-7.668855106123E-14 3.2440887027787E-14 -1.000000000000E+00 0.000000000000E+00  
7.3500000000009E-02 0.000000000000E+00  3.0500000000008E-03 1.0000000000000E+00 
HIEROBJ  EHIEROBJECT61                                      NONE                
JFCTRIAD  HIEROBJECT45                                                          
-7.480994990150E-14 1.0000000000000E+00 -1.626303258728E-16 0.000000000000E+00  
3.1103591924264E-14 -1.626303258705E-16 -1.000000000000E+00 0.000000000000E+00  
-1.000000000000E+00 -7.480994990150E-14 -3.110359192426E-14 0.000000000000E+00  
-3.120000000000E-03 1.7000000000000E-03 2.0300000000000E-02 1.0000000000000E+00 
HIEROBJ  EHIEROBJECT62                                      NONE                
JFCTRIAD  HIEROBJECT17                                                          
1.0000000000000E+00 8.3228074377086E-14 -3.469446951954E-15 0.000000000000E+00  
-3.469446951951E-15 -3.110706137122E-14 -1.000000000000E+00 0.000000000000E+00  
-8.322807437709E-14 1.0000000000000E+00 -3.110359192426E-14 0.000000000000E+00  
-7.000000000000E-03 -2.879999999997E-03 1.7349999999997E-02 1.0000000000000E+00 
HIEROBJ  EHIEROBJECT63                                      NONE                
JFCTRIAD  HIEROBJECT5                                                           
9.2655062198434E-01 3.7617010101871E-01 -9.623326105271E-14 0.000000000000E+00  
3.7617010101871E-01 -9.265506219843E-01 1.3433698597964E-14 0.000000000000E+00  
-8.411163212532E-14 -4.864707732305E-14 -1.000000000000E+00 0.000000000000E+00  
2.5250000000031E-02 0.000000000000E+00  0.000000000000E+00  1.0000000000000E+00 
HIEROBJ  EHIEROBJECT64                                      NONE                
JFCTRIAD  HIEROBJECT3                                                           
9.8131672402474E-01 7.7755492955160E-14 -1.923992909274E-01 0.000000000000E+00  
-1.923992909274E-01 -4.194332558560E-15 -9.813167240247E-01 0.000000000000E+00  
-7.710975223187E-14 1.0000000000000E+00 1.0844133024443E-14 0.000000000000E+00  
2.1130835197747E-02 -1.650000000000E-02 -1.382209477048E-02 1.0000000000000E+00 
HIEROBJ  EHIEROBJECT65                                      NONE                
JFCTRIAD  HIEROBJECT13                                                          
-9.931887637850E-01 -1.068202876061E-13 1.1651643442588E-01 0.000000000000E+00  
-1.165164344259E-01 -1.297576444626E-14 -9.931887637850E-01 0.000000000000E+00  
1.0760459920186E-13 -1.000000000000E+00 4.4106441334122E-16 0.000000000000E+00  
0.000000000000E+00  6.0000000000002E-03 0.000000000000E+00  1.0000000000000E+00 
HIEROBJ  EHIEROBJECT66                                      NONE                
JFCTRIAD  HIEROBJECT3                                                           
9.8131672402474E-01 7.7755492955160E-14 -1.923992909274E-01 0.000000000000E+00  
-1.923992909274E-01 -4.194332558560E-15 -9.813167240247E-01 0.000000000000E+00  
-7.710975223187E-14 1.0000000000000E+00 1.0844133024443E-14 0.000000000000E+00  
0.000000000000E+00  8.2500000000070E-03 1.3499999999998E-01 1.0000000000000E+00 
HIEROBJ  EHIEROBJECT67                                      NONE                
JFCTRIAD  HIEROBJECT11                                                          
-9.265506219844E-01 -3.748963201767E-14 3.7617010101858E-01 0.000000000000E+00  
-3.761701010186E-01 -1.017874549474E-13 -9.265506219844E-01 0.000000000000E+00  
7.3025439073947E-14 -1.000000000000E+00 8.0208751028531E-14 0.000000000000E+00  
0.000000000000E+00  5.4999999999999E-03 0.000000000000E+00  1.0000000000000E+00 
HIEROBJ  EHIEROBJECT68                                      NONE                
JFCTRIAD  HIEROBJECT3                                                           
9.8131672402474E-01 7.7755492955160E-14 -1.923992909274E-01 0.000000000000E+00  
-1.923992909274E-01 -4.194332558560E-15 -9.813167240247E-01 0.000000000000E+00  
-7.710975223187E-14 1.0000000000000E+00 1.0844133024443E-14 0.000000000000E+00  
0.000000000000E+00  -1.649999999997E-02 1.3500000000000E-01 1.0000000000000E+00 
HIEROBJ  EHIEROBJECT69                                      NONE                
JFCTRIAD  HIEROBJECT7                                                           
1.9239929092749E-01 9.8131672402471E-01 -8.326672684689E-14 0.000000000000E+00  
9.8131672402471E-01 -1.923992909275E-01 -4.440892098501E-16 0.000000000000E+00  
-1.645625137178E-14 -8.162558916056E-14 -1.000000000000E+00 0.000000000000E+00  
6.7500000000040E-02 0.000000000000E+00  0.000000000000E+00  1.0000000000000E+00 
HIEROBJ  EHIEROBJECT70                                      NONE                
JFCTRIAD  HIEROBJECT5                                                           
9.2655062198434E-01 3.7617010101871E-01 -9.623326105271E-14 0.000000000000E+00  
3.7617010101871E-01 -9.265506219843E-01 1.3433698597964E-14 0.000000000000E+00  
-8.411163212532E-14 -4.864707732305E-14 -1.000000000000E+00 0.000000000000E+00  
5.7000000000077E-02 0.000000000000E+00  4.9999999999983E-03 1.0000000000000E+00 
HIEROBJ  EHIEROBJECT71                                      NONE                
JFCTRIAD  HIEROBJECT17                                                          
-8.308373918429E-14 9.9953579933710E-01 3.0466142577263E-02 0.000000000000E+00  
5.5593856029319E-15 -3.046614257726E-02 9.9953579933710E-01 0.000000000000E+00  
1.0000000000000E+00 8.3214544691902E-14 -3.025563888609E-15 0.000000000000E+00  
0.000000000000E+00  3.9300000000000E-02 6.4999999999984E-03 1.0000000000000E+00 
HIEROBJ  EHIEROBJECT72                                      NONE                
JFCTRIAD  HIEROBJECT11                                                          
-9.265506219844E-01 -3.748963201767E-14 3.7617010101858E-01 0.000000000000E+00  
3.7617010101858E-01 1.0089927652775E-13 9.2655062198440E-01 0.000000000000E+00  
-7.269133290809E-14 1.0000000000000E+00 -7.938580876132E-14 0.000000000000E+00  
1.4699999999999E-01 2.0000000000243E-03 0.000000000000E+00  1.0000000000000E+00 
HIEROBJ  EHIEROBJECT73                                      NONE                
JFCTRIAD  HIEROBJECT3                                                           
9.8131672402474E-01 7.7755492955160E-14 -1.923992909274E-01 0.000000000000E+00  
1.9239929092735E-01 5.0825109782598E-15 9.8131672402474E-01 0.000000000000E+00  
7.7280637130035E-14 -1.000000000000E+00 -9.972548687274E-15 0.000000000000E+00  
0.000000000000E+00  8.2500000000009E-03 0.000000000000E+00  1.0000000000000E+00 
HIEROBJ  EHIEROBJECT74                                      NONE                
JFCTRIAD  HIEROBJECT27                                                          
7.4162898044961E-14 -1.000000000000E+00 1.1819861295930E-16 0.000000000000E+00  
2.1125868745622E-16 1.1819861295931E-16 1.0000000000000E+00 0.000000000000E+00  
-1.000000000000E+00 -7.416289804496E-14 2.1125868745623E-16 0.000000000000E+00  
1.3000000000000E-02 0.000000000000E+00  4.3250000000034E-02 1.0000000000000E+00 
HIEROBJ  EHIEROBJECT75                                      NONE                
JFCTRIAD  HIEROBJECT15                                                          
-9.230503685375E-01 3.8467910931423E-01 8.3266726846886E-14 0.000000000000E+00  
-3.846791093142E-01 -9.230503685375E-01 4.4408920985006E-16 0.000000000000E+00  
7.7030214744630E-14 -3.162105361016E-14 1.0000000000000E+00 0.000000000000E+00  
-7.350000000000E-02 0.000000000000E+00  1.0500000000006E-02 1.0000000000000E+00 
HIEROBJ  EHIEROBJECT76                                      NONE                
JFCTRIAD  HIEROBJECT13                                                          
-9.931887637850E-01 -1.068202876061E-13 1.1651643442588E-01 0.000000000000E+00  
-1.165164344259E-01 -1.297576444626E-14 -9.931887637850E-01 0.000000000000E+00  
1.0760459920186E-13 -1.000000000000E+00 4.4106441334122E-16 0.000000000000E+00  
3.5499999999997E-02 0.000000000000E+00  2.4264171117087E-02 1.0000000000000E+00 
HIEROBJ  EHIEROBJECT77                                      NONE                
JFCTRIAD  HIEROBJECT9                                                           
1.9154465524418E-01 -9.814838995355E-01 7.6327832942980E-14 0.000000000000E+00  
9.8148389953549E-01 1.9154465524418E-01 4.4408920985006E-16 0.000000000000E+00  
-1.505605485602E-14 7.4829476205370E-14 1.0000000000000E+00 0.000000000000E+00  
6.7500000000000E-02 0.000000000000E+00  5.5000000000012E-03 1.0000000000000E+00 
HIEROBJ  EHIEROBJECT78                                      NONE                
JFCTRIAD  HIEROBJECT27                                                          
7.4162898044961E-14 -1.000000000000E+00 1.1819861295930E-16 0.000000000000E+00  
6.7691973224391E-16 -1.181986129592E-16 -1.000000000000E+00 0.000000000000E+00  
1.0000000000000E+00 7.4162898044961E-14 6.7691973224390E-16 0.000000000000E+00  
1.8700000000000E-02 -3.797000000000E-02 6.3190000000001E-02 1.0000000000000E+00 
HIEROBJ  EHIEROBJECT79                                      NONE                
JFCTRIAD  HIEROBJECT45                                                          
-9.995357993371E-01 -7.477026835447E-14 3.0466142577263E-02 0.000000000000E+00  
3.0466142577263E-02 1.9976362228146E-15 9.9953579933710E-01 0.000000000000E+00  
-7.479642021631E-14 1.0000000000000E+00 2.8125273747164E-16 0.000000000000E+00  
-6.000000000000E-03 0.000000000000E+00  1.2500000000000E-02 1.0000000000000E+00 
HIEROBJ  EHIEROBJECT80                                      NONE                
JFCTRIAD  HIEROBJECT17                                                          
-8.308373918429E-14 9.9953579933710E-01 3.0466142577263E-02 0.000000000000E+00  
5.5593856029319E-15 -3.046614257726E-02 9.9953579933710E-01 0.000000000000E+00  
1.0000000000000E+00 8.3214544691902E-14 -3.025563888609E-15 0.000000000000E+00  
-8.700000000001E-03 0.000000000000E+00  9.5499999999972E-03 1.0000000000000E+00 
HIEROBJ  EHIEROBJECT81                                      NONE                
JFCTRIAD  HIEROBJECT3                                                           
-1.923992909274E-01 -4.194332558560E-15 -9.813167240247E-01 0.000000000000E+00  
-7.710975223187E-14 1.0000000000000E+00 1.0844133024443E-14 0.000000000000E+00  
9.8131672402474E-01 7.7755492955160E-14 -1.923992909274E-01 0.000000000000E+00  
2.1130835197747E-02 -1.650000000000E-02 -1.382209477048E-02 1.0000000000000E+00 
HIEROBJ  EHIEROBJECT82                                      NONE                
